-1.749765473054697429e+00 3.426804033275021588e-01
1.153035802563644019e+00 -2.524360365213898505e-01
9.813207869512315940e-01 5.142188413943821201e-01
2.211796692214004489e-01 -1.070043330568293261e+00
-1.894958308231753374e-01 2.550014442733816722e-01
-4.580269855026242731e-01 4.351634881228921281e-01
-5.835950503226647879e-01 8.168470716857789693e-01
6.727208057096609739e-01 -1.044111433906277087e-01
-5.312803768519097636e-01 1.029732685133346148e+00
-4.381356227044173601e-01 -1.118318246255436188e+00
1.618981660675259615e+00 1.541605174513406729e+00
-2.518791392132129769e-01 -8.424357382512975834e-01
1.845186905639428498e-01 9.370822011089522396e-01
7.310003438348087190e-01 1.361556125145330975e+00
-3.262380592023025327e-01 5.567601485477690487e-02
2.223996085553048563e-01 -1.443216995225336863e+00
-7.563523055944354478e-01 8.164540110192858302e-01
7.504447615341784950e-01 -4.559469274680021944e-01
1.189622268029125518e+00 -1.690616826383604110e+00
-1.356399048861312684e+00 -1.232434513914926200e+00
-5.444391616724643113e-01 -6.681717368134276747e-01
7.314563228903048914e-03 -6.129387354781625774e-01
1.299748074755308958e+00 -1.733095623653281070e+00
-9.833100991296299664e-01 3.575077531673653830e-01
-1.613578502822175853e+00 1.470713866612128884e+00
-1.188017597317719387e+00 -5.497461935354897022e-01
-9.400461615447681663e-01 -8.279323643658708098e-01
1.088634678336795059e-01 5.078095904923199955e-01
-8.622273465104797197e-01 1.249469742726978971e+00
-7.961124591739943135e-02 -8.897314812650338745e-01
-8.817983894830174751e-01 1.863894948806016014e-02
2.378446219236217962e-01 1.354854862861241092e-02
-1.635529399380821980e+00 -1.044209877709316947e+00
6.130388816875462776e-01 7.362052133238238261e-01
1.026921439399790525e+00 -1.432190611058926644e+00
-1.841188300186717086e+00 3.660932261673036647e-01
-3.317771350528085916e-01 -6.892179780897531582e-01
2.034607561504933493e+00 -5.507144119145928052e-01
7.504533303268411393e-01 -1.306992339080819132e+00
5.805733357942743922e-01 -1.104523092662293760e+00
6.901214702247076005e-01 6.868900661384047535e-01
-1.566687529578391080e+00 9.049741214666812139e-01
7.788223993230672937e-01 4.282328705967407001e-01
1.088719898979145229e-01 2.828363482307324692e-02
-5.788258247909884302e-01 -1.199451199193931172e+00
-1.705952005738170296e+00 3.691639571070057801e-01
1.876573426962165669e+00 -3.769033501689747490e-01
1.831936081825536133e+00 3.017434031214062846e-03
-7.602346572462334584e-02 3.957593987599104628e-03
-1.850141108971139481e-01 -2.487151535222769549e+00
-1.704651205760962407e+00 -1.136261006827362863e+00
-2.973315474050885587e+00 3.331727813886287831e-02
-2.488886670581079152e-01 -4.501764350116508329e-01
1.324278011487737827e-01 2.221392803939098784e-02
3.173679759410679702e-01 -7.524141777250373808e-01
-1.296391807150150788e+00 9.513944356545299408e-02
-4.237150999434204368e-01 -1.185983564929173006e+00
-3.654619926766269900e-01 -1.271023040846660956e+00
1.586170938423235199e+00 6.933906585165882097e-01
-1.958081234207866617e+00 -1.348013119899949264e-01
-1.540616024552613705e+00 2.046713968482138490e+00
-1.396999344953283595e+00 -1.097171984639822684e+00
-2.387128693146795544e-01 -1.429066898448291045e+00
9.490047765052598283e-01 -1.939758596246527605e-02
8.945977057600132953e-01 7.596931198502054894e-01
-1.497720381083169627e+00 -1.193885976791938086e+00
1.296262586399057337e+00 9.522756260818906471e-01
-1.217254130641014731e+00 -1.572651673751379320e-01
-1.507585160264386159e+00 1.078841308066135901e-01
7.470556550991475087e-01 4.296764358626096181e-01
-1.415042920852525921e+00 -6.407599230105716082e-01
7.796263036636957855e-01 -4.381209163488428704e-01
2.074793167946565653e+00 -3.432976821824697544e-01
-6.166293716831945382e-01 7.631836460599923377e-01
1.929171918233065219e-01 -3.484589306523706020e-01
2.298653940713675681e+00 -1.652095526407318382e-01
4.662993683571894366e-01 2.699872386310890326e-01
-3.198310471180882963e-01 -1.147741599876586305e+00
1.703623988120704924e+00 -7.221507700557533438e-01
1.093686649658721199e+00 -2.295177532399562126e-01
-8.898663292110321407e-03 -5.431980084071721393e-01
7.530621876919788571e-01 -1.609438896172954436e+00
1.943262263433995995e+00 -1.447436112319585133e+00
1.302484553527021860e-01 9.493608646609867918e-01
-2.015188717122526452e+00 -7.954058693411100722e-02
3.010494637880654634e-01 -1.684899961685180303e+00
2.223908094454486173e-01 -6.849217352472302123e-01
-1.262011837135770531e-01 1.990273649754090490e+00
5.229978045207515081e-01 -1.634540275748716520e-02
-4.158163358406499754e-01 -1.358502936759799828e+00
-5.144298913687852526e-01 -2.160601200032613300e-01
4.223802204219780920e-01 -1.094042931032235044e+00
1.236907885190225320e+00 -2.302846784271079250e-01
-7.044181997350231761e-01 -5.913751210851719842e-01
7.369951690182121595e-01 4.358672525149100974e-01
1.775993585506766559e+00 5.130743788396453509e-01
1.170526982948143502e+00 2.077712232250203517e+00
-4.559220192140202577e-01 6.491729272546821194e-01
-1.747815544514981778e-01 1.017264343251169434e+00
-5.999830448488668866e-01 1.576166724319206347e+00
6.044235385892025025e-01 -9.070304174806991249e-01
5.920232693603778573e-01 -4.370644156515732792e-01
1.017757729693165719e-01 1.308346826644147365e+00
1.387601811408552432e+00 -1.735391147333073425e+00
2.883774202273241549e-01 -3.390854332763635348e-01
5.273691328244135557e-01 -3.743028837477471171e-01
4.770922974176844411e-01 -1.429762662236214510e+00
4.077065249765083887e-01 -8.282803927455669735e-01
4.234572818376500791e-01 -1.595173650033307189e-01
1.241082087196604622e+00 1.663536310737307788e+00
-6.619377149259140225e-01 3.465227148479316899e+00
3.914386192719197521e-01 3.272453529764515201e-01
-3.113470605686746717e-01 -1.424655588679694551e+00
-6.248721853412322336e-01 -1.099953959208559012e-01
9.529594279919252342e-01 -9.833626436429375728e-01
-1.094557189615695592e+00 -2.413487495519846815e-01
-5.951138391567016850e-01 -9.828118947823061280e-01
8.822993442548501819e-02 -6.027593698237140307e-01
1.125555452982598181e+00 9.270532988002531116e-01
-2.269156994686265527e+00 -3.481706377331743596e-01
-1.640254026760563921e-01 1.216580590364909620e+00
-6.268539047283007148e-01 -2.749398078895973208e-01
1.147457438513989958e+00 1.159968974075068493e+00
7.021845053597769448e-01 -1.283904810614310055e+00
1.522307767877679296e+00 -1.799633176491334530e-01
-3.761473676159363677e-01 4.603492106616837720e-01
1.455421460737774009e+00 2.415068878754466908e-01
-3.766667059723911859e-02 8.315330299051433283e-01
2.299369468755593005e+00 -9.396024430587620602e-01
1.118225785421788909e-01 2.539432033111461262e+00
4.035984154253557388e-01 -1.884834387319579641e+00
1.277452031864894755e+00 -4.455882638065759571e-01
-1.270318038925483339e+00 6.355011681954533254e-01
-2.984356710923273814e-01 -4.022899215971821874e-01
-5.366404268123247112e-01 8.231244016664832630e-01
2.519190327454400025e-02 1.517536128354256331e+00
3.696111506737347896e-01 -4.806321621688905976e-01
1.042332743021335606e+00 1.098875986566868912e+00
-2.132910373907717982e+00 7.592043314019562006e-01
-2.851808701227013798e-01 4.804114112715212048e-01
4.680006882027642479e-01 2.709001947365918372e+00
2.019086116729861047e+00 7.474034182399545978e-01
-5.897085867477188659e-01 -8.134248245767956575e-01
-1.768968643445318623e-01 5.070475019762871183e-01
-2.667781642372559214e-01 -8.560620219978578582e-01
1.559314856889102208e+00 -1.092688864628313494e+00
7.580424981657605255e-01 -1.199439969467994027e+00
1.763704781550423928e-01 -8.757308415987771211e-01
1.176084562665642291e-01 -9.581683355813459535e-01
-1.881114648941405454e+00 1.823427274870421111e-01
-5.484922802752094650e-01 -5.263496977245230024e-02
3.173390523961979515e+00 3.334203517597432054e+00
1.603371996348991857e+00 1.012896230955016685e+00
1.844523206255676229e+00 -3.361436284769567240e-01
4.987504888042279538e-01 -1.077826077067182364e+00
5.769340599430341499e-01 8.652484860757291008e-02
3.837888483818751584e-01 1.334730757727142558e+00
1.671791188614668133e+00 -3.130077315757536782e-01
1.235526291853272507e-01 1.547729102825586622e+00
-1.078891767972352117e-01 1.003397557221390679e+00
8.876717808262651888e-01 8.864979057352632974e-02
-1.324578095940230238e+00 2.383846452550063000e-01
1.196661460120011178e+00 -4.648425702718799735e-01
-1.136672711292386673e+00 2.484946248806813862e-01
3.506928143980163060e-01 -1.320767147132426433e-01
-5.256451948154732268e-01 -5.848893324599480081e-01
-9.292471979014248484e-01 3.984164196096816601e-01
-1.355907855597299871e+00 -1.711583053117570197e+00
1.585985963613910366e-01 2.132486728828961731e+00
2.721333609866563474e+00 -1.972864048078379451e+00
5.398129189913055681e-01 5.431731800991407288e-01
9.637445310773097296e-01 1.253726134263450698e+00
-2.201305637679915328e-01 -2.522700404469808699e-01
1.003713940839754022e-02 4.802883822852720419e-01
-1.956967552243062736e+00 -5.644846583076770230e-01
-1.163235822180662016e+00 -2.117577430049671569e-02
3.310716826144583513e-01 -3.664962494470602183e-01
8.604754069049108667e-01 -2.465972995340667828e-01
1.490533097267342955e+00 -3.993913770102466287e-01
3.252062923168106967e-01 -6.542808538079326608e-01
-1.912275129904966037e-02 9.929416493373554031e-01
-1.295965590136687051e-01 -1.708304076874390953e-01
7.904280904722739143e-01 1.091815907215461179e+00
-4.050832639206354280e-01 5.364439368681257481e-01
-2.131314659985201754e+00 2.630766894332881023e-01
-1.271057985494234543e+00 9.291001132966913989e-01
-1.931412856929047628e+00 2.421534060406340880e-02
-1.213691539345213899e+00 1.881369570559398019e-01
-5.722638992074313702e-01 2.745117964775073194e+00
1.249539793500415580e-01 -1.065246154821031244e+00
6.030536979033265244e-01 -1.061467636921643365e+00
-1.516430495720302307e+00 3.292825052948596398e-01
-1.983620942804177778e+00 1.671367837041149718e-01
-1.788939995187421028e-01 1.178239159200306085e+00
-4.434079860566575437e-01 7.389539007599523757e-01
-1.548484548344929435e-01 -8.605564337254188734e-02
-3.357568385230854102e-01 -1.366293792823911890e-01
9.277642496734965494e-02 1.897187919795859656e-01
-2.048671922604095919e+00 7.837860781804775190e-01
-2.329845615794952085e-01 -1.184411427410570816e+00
-1.977972902611956074e-01 -8.546727892795731307e-01
2.359749586524577045e-02 -1.704564684096477878e-01
-1.069666266640162622e+00 2.258387457707507762e-01
-8.676594983663887817e-01 4.184152388377468390e-01
-2.305258151983712089e+00 1.621555997620361123e-01
-5.788411209471953089e-01 -3.992846345441017908e-01
1.487894432133636702e+00 -3.578168523519355548e-01
3.564308939540894450e-01 1.031282196801967199e+00
1.522543092810469512e+00 -1.016481112180623203e+00
1.128414751865972399e+00 -9.272485993677741511e-01
-1.192771383029169296e+00 1.374859417539890272e+00
-7.032369510661452550e-01 2.442070707959679843e-01
1.032345910779015830e+00 1.616939902189706402e+00
-5.483023725936617132e-02 -2.480113482719999429e-01
-3.967249498631411075e-01 -3.354702733866466585e-02
1.032918045916061844e+00 -1.989822239938291437e+00
-2.780337171101294746e-01 7.656954261085818780e-01
7.441495680026681825e-01 -1.723193323965343415e+00
1.030392426313078591e+00 5.971477069293665285e-02
-9.342158375564428852e-01 -1.062441136888428561e+00
-6.294458606293386049e-01 -3.022844248616988194e-01
1.039638894885885234e+00 -9.309696527726208926e-01
-1.277629080640249049e+00 -9.443200259389775697e-01
-3.188074229604004883e-01 -2.084270883554892428e+00
1.270311544692511285e+00 3.087775298063805823e-02
6.531758521433047582e-01 5.583469022840239493e-01
1.363975365934348427e-01 -3.373384111367291327e-01
-1.337165050885126938e+00 -4.114909523624047383e-01
-1.077761939631622368e-01 5.229173631509834719e-01
9.561499786482654528e-01 1.203320592635362507e+00
-9.762315218209105527e-01 -7.515257041891409973e-02
3.528065828431269368e-01 4.903746154801693485e-02
1.286017467101628231e+00 -2.672253014190432707e-01
1.324238022096273282e+00 -2.675919217739765599e-01
-4.694062226879811006e-01 -1.425756281446344476e+00
8.054921061469411114e-01 1.354769139857089355e+00
8.255591814670257822e-01 -2.586895904715145744e-01
7.574995244231507163e-01 -7.044557030990273860e-01
1.211318507384961496e+00 -1.842234174034599548e+00
-3.682455641275216296e-01 -1.547992563410081290e+00
-4.516722706510200580e-01 -1.137542398655749798e+00
-1.358767522771863190e-01 6.343790937890922965e-01
-1.355791803045104313e-02 3.758968273279555961e-01
-2.365823528597545689e-01 9.791413360462420945e-01
1.093748197975215497e+00 -1.383622156234112666e+00
1.010133882865719146e+00 8.726631262318649274e-01
1.037612335149043608e+00 3.025477016355275217e-01
-1.298117481294293496e+00 8.478637181249223387e-01
-2.688763993683174758e-01 3.019829920059972639e-01
-2.271905498617668329e+00 7.576049876525333682e-01
8.760511854123076425e-01 2.156219993348013286e+00
1.288702556295607815e+00 -1.425351960258467165e-01
1.665904702791815462e+00 -1.380114296433079035e+00
3.857939673489640064e+00 3.075573893432423933e+00
8.308195636948629836e-01 -8.782681675417305378e-01
1.398622057610148517e-01 7.125389403746352768e-01
3.596237434172794845e-01 7.127480011897635581e-01
1.068785680751874745e+00 -4.951739548431621785e-01
1.329622804363040089e-01 -8.289852500467177754e-02
2.142190474668311528e-01 6.926960571318380167e-01
-1.908184783136603668e+00 1.165333160584932359e-01
1.755174165676483211e+00 -3.955656348590421145e-01
-9.325834567618385140e-01 -6.735645547992268334e-01
7.145320479916970058e-01 -1.790003919076156969e+00
2.243028529547772543e-01 -3.209955381978045974e+00
1.523584831579528842e+00 -6.961565914854769832e-02
1.365590199192649790e+00 -5.586953357167565581e-01
2.753934759411780786e-01 2.400918311321280640e+00
-1.011035120955470656e+00 9.425068791712248872e-01
-2.221510823700524107e+00 -2.585767588999437816e+00
6.889213621579444169e-01 4.127457420269986521e-02
-4.977266844568492554e-01 -9.847287471481412646e-03
-5.176603237193814211e-01 3.021768252082721595e-01
7.734409975442093632e-01 9.882088484864629541e-01
1.760020692309796631e-02 8.198061540197786323e-01
6.877596957947990086e-01 3.931581922491090286e-01
-5.108631934878928860e-01 -2.752037662677926821e+00
-1.920690822392201180e-01 -2.340688906991019169e-01
-1.601413941528185614e+00 7.910261496852212248e-01
1.286688418472406274e-02 -1.348511884418453155e+00
8.660591728218054453e-01 7.912949804001552234e-01
1.176952513690747937e+00 -1.165431733503570433e+00
5.382460975045577634e-01 -8.428605517089753363e-01
-2.874968879865528848e+00 -5.285056361126660995e-01
-3.210889907101524554e-01 2.182275910834501786e+00
3.287024560728352696e-01 1.448001420876049217e+00
-4.372872425438244504e-01 9.114744851303213657e-01
-1.126828283657129504e+00 1.114733892631557088e+00
-1.226567431651807372e+00 1.355272561532840259e+00
-8.885766708388806445e-02 -6.949491237373179864e-01
-1.014472040697365296e+00 8.712160137184646880e-01
-9.194792276680201493e-01 2.876311214263634897e-01
-5.327923727826094913e-01 1.656417860553988652e-01
1.667237342326943761e-02 -6.314322515594252838e-01
-1.004015806678820510e+00 -1.312098531526644685e+00
4.468262467964786433e-01 1.485319860205651377e-01
1.836308160310613280e+00 1.396675784886333982e-01
-1.765193850682650112e+00 1.447604052894354343e+00
-1.141778694408257522e+00 7.464021537026984676e-01
-4.690278037476090511e-01 7.869814652437134850e-01
-1.820208348243828878e-01 -1.003380717730042004e+00
-9.369221110721803747e-01 -9.442706004373586648e-01
-7.275212508545039203e-01 2.065486137286729473e+00
1.360612935062583129e-01 2.018138638300602805e-01
1.270754904478905489e+00 -1.003474534711527477e+00
-7.323378102483927288e-01 -6.479921130452116484e-01
-7.855214383236935882e-01 1.734731183193477300e+00
-4.461538594323971596e-01 -1.239920328285926576e+00
-2.917864463970149536e-01 -6.601392708428152067e-01
-1.091797664935744816e+00 5.648569127221106934e-01
-1.944540282295480704e+00 2.639312236504417486e-01
1.538753659503153237e+00 2.397073067233959076e+00
1.556208370983244160e+00 -2.026828227244305558e-01
-1.089062616381093057e-01 1.135201667468375808e+00
1.009793542290426505e+00 -9.134206948382957991e-01
-2.229258933088598571e+00 -4.627303136421742624e-01
1.628207635787310537e+00 -7.589976704854489720e-02
-1.394532715321361804e+00 -7.799983027126963231e-01
6.986307702990094404e-01 4.729134646484037807e-01
-2.724518087709634218e-01 1.847927555135108479e-01
-3.389835320929106000e-01 -1.423123075355020306e-01
-1.449045927858060079e+00 -1.322716500361492686e+00
-7.109024225989670764e-01 -6.061841101097610318e-01
-1.072242272379284156e+00 5.454540297228882562e-01
5.391724452767099329e-01 1.198823938516768495e+00
-7.684033970519674184e-02 -6.933878511104847320e-01
-9.469760525902353177e-01 -2.268619962246101185e+00
2.135901008301997750e-01 -1.265057694018798085e+00
9.636968648987307429e-01 5.183435151558969389e-01
5.900261263151266311e-01 1.131181190920224733e+00
-1.090739625676251934e-01 -5.816611715256052306e-02
-8.425159924738271355e-01 -7.529456042925735115e-01
-4.825653145615377282e-01 5.245478462345326554e-01
-2.645836803644653901e-01 3.530051834614322814e-01
2.238241190906629097e-01 -3.721989901014425284e-01
2.647418989283102597e+00 1.332902420274303112e-01
8.100978673990901768e-01 -2.066453723784956065e+00
-3.284080793917297791e-01 2.854489945462638234e-01
9.127282586749042581e-01 -8.853951972314838548e-01
6.628932151000459516e-01 -1.548077411041423046e+00
-5.558744255462801931e-01 -2.093987802435580692e-01
1.839870935183092193e+00 -1.203576792221296848e-02
1.544249561568332041e+00 -2.185153803257982030e+00
-9.052536407792095563e-01 2.130659190962044813e-01
-9.657156624472773565e-01 1.009489771868408159e+00
-1.012211220745987239e+00 9.050528629328797869e-01
-9.129893226159164765e-01 -4.503683230151067640e-01
1.040717495282252214e+00 -7.555250892846608890e-01
4.244182482781035382e-01 6.644430233106957129e-02
-8.799540550164092201e-02 1.954430088902813001e+00
5.679433816499357413e-01 -1.016379743818434933e-01
6.925096183452640608e-02 -1.161601946728276546e+00
3.270261565272188364e-01 5.673334205644195993e-01
9.015922583874204088e-01 1.877142870637792171e+00
4.306132751340652765e-01 -1.190784254860191016e+00
2.262121311410064117e-01 -5.693165703158743485e-01
-7.322607097367664908e-01 -7.117415855166879801e-01
5.687216122626013309e-02 -8.234988716333304648e-01
3.066358525786897493e-01 -1.833873735287438134e+00
-2.892240405365139821e+00 -1.585913201107136405e-01
-1.531601823095950277e+00 -5.779462669917928563e-01
-1.905905536846478565e+00 -2.008942616762241062e+00
2.388959830296435161e-01 -5.084528851522548409e-01
-4.826170379593096998e-02 -3.502705018890767824e-02
-7.273069057149363914e-01 1.518362069926176838e+00
3.610254163453790466e-01 2.576977679031155155e+00
1.587321242472858218e+00 6.876776161548819877e-01
-1.821234710461316561e-02 -5.895820679190701963e-01
-7.301662802248373163e-01 1.343828114436166621e-01
9.715535632493051965e-01 -1.058379442721874675e+00
-2.860552628379647161e-02 -1.252277514108098400e+00
1.065976222993098160e-01 5.422573331869171565e-01
9.912188508026411604e-01 2.872129861981349008e-01
-6.359698186412604537e-01 -3.785028025591671841e-01
1.632286834064877040e-02 -2.095879524561485852e-01
3.214442712943700875e-01 2.335193692164914403e-01
1.014952288747201115e+00 -1.365343241823016029e+00
2.765310540908932357e-01 -9.552158838227956528e-01
-2.605126207976518060e-01 -1.327490982731288849e+00
3.730765585464990847e-02 -1.452640673911142821e+00
-8.276017374999237175e-01 2.292193645810989722e+00
6.278876784461686622e-01 9.527052435093047444e-01
-8.296277386100397999e-01 1.160466370872294428e+00
-3.115251054922686946e-01 -5.393910228200473611e-01
5.404327553669130424e-01 1.406950564673274118e-01
1.238262413136238749e+00 -1.285573860413857350e+00
-7.804341795136253701e-01 -4.661721263852441899e-01
9.694034331840900576e-02 -4.582303982760169703e-01
-7.936631605575530934e-02 -3.182853136155345264e-01
9.195436457578192169e-01 -5.611773427197669362e-01
-4.101120092081720903e-01 6.812570823584902791e-02
-9.891912036094928362e-02 2.392598608745678257e-01
-1.267495994159435702e+00 9.157124428914789616e-02
-1.693530176305183821e-01 -8.856978941958283391e-01
-1.645607964622266106e+00 1.697975191329242628e-01
-1.378586963310318991e-01 -7.149411774529733365e-02
-3.862199054892903605e-01 1.344950271944198805e+00
-1.081258571215188979e+00 -6.307879670506914838e-02
-5.035604860079100353e-01 -2.050905763049373220e+00
8.725798075220500549e-02 -1.329445617796238821e+00
7.563768879274200829e-01 8.242892015046334730e-01
3.796732220003134484e-01 5.242236519537231132e-01
-4.527132951170806385e-01 6.875927867513239589e-01
9.167469515279244030e-01 1.119716101678587261e+00
1.263544836330538379e+00 -1.456105597529331774e+00
3.212869389187353319e-01 -2.437026699414003517e+00
9.733737109300644175e-01 -6.424811267498710121e-01
2.928325635717791142e-01 -4.639812620159168288e-01
3.867336402032544584e-01 6.724964425333426199e-01
-1.090975953014907684e+00 -5.270034201986623090e-01
-3.044028459293696698e-01 7.708184333763949958e-01
-2.357509698682798693e-01 -1.777829251738417826e-01
2.288635291333243060e+00 -2.528947510884685723e+00
5.677535540962639349e-01 7.355255089438107741e-02
7.483241867237762079e-01 9.146566431112832518e-01
1.252231562627302175e+00 -8.847286012386692544e-01
1.175609480746335977e+00 4.796962084572590768e-01
-5.899674340661235084e-01 8.621689184981022880e-01
-1.472657126245767722e+00 6.523101983645719359e-01
-1.516899652786652952e-01 1.343236883121260217e+00
-6.594840624629351167e-01 -4.090657931046077778e-01
-3.385804823896869653e-01 -3.966186853856484840e-01
-1.458241846286666865e+00 -1.090659216794956712e-02
-7.665729756746352264e-01 8.421724903224964143e-01
7.918792014178204219e-01 -1.317627725338645917e+00
1.315303655787079633e-02 1.532300277133382405e-01
-7.863950304118423329e-01 1.368105219134521322e+00
4.008795533567026392e-03 4.531942043599729852e-01
-4.063786899313203138e-01 6.841194893268114363e-01
2.883969251775837961e+00 -5.881887751399346165e-01
3.652254071759658549e-01 3.231095013887879119e-01
5.824042646735970719e-01 -8.457486200020090938e-03
-1.723651433807359634e+00 -1.025537254767017181e+00
5.349275937487871779e-01 -1.650025194824356500e+00
6.689473090641462338e-01 2.803223035037342159e-01
4.027175126644433334e-01 5.951915146735200501e-01
-4.489492214522473185e-02 6.453464430821443942e-01
-1.127459149892892531e+00 2.245144207327693098e-01
1.057109502093873110e-01 -1.001346784043581684e+00
-1.861816445428680911e-01 1.997951517768733476e+00
5.725567515972322941e-01 -1.368716201070711458e+00
-1.157720046126159419e+00 1.065826229792554258e+00
-1.654996799236470251e+00 1.477135382287639631e+00
-9.328609421342365371e-01 1.304209172538248473e-01
-3.102869757092587347e-02 -8.768373982573438030e-02
6.177594707762792403e-01 2.885751795392276442e+00
1.759821100360899671e+00 1.091330907529066474e+00
-2.213460607391192436e+00 -2.398076189860511367e-02
1.237253512687384482e+00 -4.561920661409334388e-01
2.124745399513117139e+00 2.407422845881994067e-01
-5.864391264016893118e-02 -8.739999199474731695e-01
-1.227857002644288792e-01 9.117965623133085229e-01
-1.074641147427856241e-01 -7.274708346047783492e-01
1.595762901280418644e+00 9.877470273404158618e-01
-4.881110169164618040e-01 6.296948056302356100e-01
-4.533996984310991740e-01 6.090995914299341951e-01
-8.522489506584863816e-01 -5.454962931514018704e-02
1.090794627341478140e+00 -1.846341614553835608e+00
-4.124338216139925573e-01 -4.154660295116451296e-01
-1.301756589219743354e+00 -1.136098974540000306e+00
-1.797637578168198802e+00 -6.615569434901911183e-01
2.549285698773701370e+00 -1.637675624137152619e+00
6.317661817300751839e-03 5.417126512741955446e-01
-1.321000383903191411e-01 -3.787362984567140267e-01
1.940622804667864409e+00 -1.041874371091166429e+00
-2.855937793283686577e-01 -5.989226257921199670e-01
-3.823403780460224999e-01 -9.859808115749348900e-01
-1.364476572010910660e+00 -8.235334240018029606e-01
-1.681386815549857694e+00 -9.162199391704404228e-01
5.436279322698345240e-01 1.524862600548261282e+00
1.197417347795923792e+00 -1.222505297396621726e+00
-2.023763530020728840e+00 5.371174766608959733e-02
-5.362903624231383226e-01 1.071425352729314523e-01
6.151521853927577332e-01 9.050654404010441967e-01
1.652585641398810701e+00 -8.428196875999223181e-01
-6.340532135397716762e-02 4.890536018901193716e-01
7.045354278052993191e-01 -1.071735567587909888e+00
4.137586484133793929e-01 -3.450252740373230265e-01
1.240189818212119821e+00 1.034290178161874213e-01
-2.141851614403547543e+00 -6.836501416815086163e-01
-1.180798027590631794e+00 1.181002161817298779e+00
-1.066055258162112773e+00 -7.430459223148423442e-01
-8.859252495127168947e-01 -4.958183351427951635e-01
5.273876876287020288e-01 -3.017513948869021689e-01
3.556443889265906710e-01 1.328132113143651649e+00
2.380742569517033946e-01 1.718588251703061509e-01
1.116768246808879761e+00 -1.368885520814694390e-02
1.282909756614469377e+00 -1.129971045817119268e+00
7.587214440890530653e-01 -1.098604235570134868e+00
-3.029040483924578808e-01 1.499610561704310063e+00
1.461425421330751206e-01 1.903416416192054150e+00
-3.062063943698761226e-01 -4.570653390636462698e-01
-2.388614073684109940e+00 -8.617991799058063451e-01
-5.343938353030583954e-01 -1.262604285476218280e+00
-1.023198841219426836e+00 5.384660112416040922e-01
1.716502774235125317e+00 1.791239046997079587e-01
-4.559683500449692173e-01 3.266916990996673320e-01
6.819648840132921386e-01 -7.379887070817856554e-01
1.326344840329335861e+00 9.270035239969678376e-01
2.130922482503934678e-01 1.328333092138115568e+00
